13953
46489
50325
6151
89647
61123
36453
10675
35289
88557
9029
71693
24003
25557
86283
33277
65421
47219
41761
33543
63461
71461
34249
78877
15517
25635
53575
9941
7243
19423
24613
2961
70021
50057
6475
61017
48333
8355
70341
33851
96953
18097
37727
14925
46665
3065
71533
13103
18775
5139
85537
85997
98809
30773
97219
50561
68711
3773
32733
13179
93875
52015
16615
86985
20603
85985
62487
447
58999
48325
23293
38209
89161
75101
38269
30985
48989
54535
59113
61293
15435
40225
14975
28481
15807
74447
5295
6593
33527
85781
85713
74161
20295
22897
70139
35127
31443
8867
27731
84707
72859
37395
19637
21003
6131
44015
61303
11805
76595
4253
1959
44599
5443
18515
59179
45791
40499
36115
84041
50769
52843
89633
28221
84919
3857
73985
18913
82463
96163
31401
39163
3873
42211
91301
4963
36731
86609
6837
76705
6385
12451
83425
74607
8831
83429
78395
98569
9685
25799
77563
36413
52097
57281
86623
37435
5979
27641
95477
3815
62429
25119
87619
85767
74393
26283
48537
10443
45455
98369
85683
29445
64513
36541
35261
14855
99805
50787
55251
15665
44861
37483
92441
40693
83391
41757
65887
78387
36569
77815
64889
13507
40149
21059
90121
77667
78679
32259
19701
31533
61533
42931
5263
78281
43571
59433
14333
93883
19827
61299
48189
261
33115
46987
3493
28567
99467
16183
22467
79697
60379
38697
56203
11193
44851
77893
4197
9767
87115
28273
46423
54259
7559
31571
99527
14783
7293
60075
64355
36553
16385
51985
49407
53355
64791
9737
53577
62555
18811
71833
79605
34001
63951
6939
5497
56035
39575
60759
71635
46185
41703
81745
71049
47231
61619
79051
88251
19141
66753
87145
30571
98627
8935
96329
59103
58375
14381
92399
76687
67779
87905
33113
94375
23571
88949
68531
34039
23831
24673
92925
29143
39113
76535
36543
80225
59129
87977
16347
42229
6185
70377
76417
34891
16519
82973
85581
47143
26663
50827
3085
87669
59551
27399
10145
65151
73339
70175
129
89867
153
63917
12095
24991
71455
6501
3595
51883
11691
94503
4845
28891
99441
64987
57749
61075
56093
73377
1881
99629
47441
91873
16161
19901
85081
31343
15531
91945
76669
95253
3091
25187
53199
25023
20309
13263
29941
41585
19499
33457
84853
26653
83573
66761
53489
71957
65537
86219
17155
42225
36741
67131
8145
80887
41073
98259
65877
8251
53883
55063
18647
59399
28417
16983
83617
48677
7695
25153
35431
75007
96597
48607
95055
5137
83137
32413
75465
98463
25769
84691
75259
10399
84067
56391
65389
57317
98511
46603
3219
63637
88247
75905
73173
82415
83501
24883
83155
1341
75927
77483
78869
90447
11
54297
46305
14745
89713
79519
9099
16719
66953
80151
67705
5987
245
67465
38703
53863
13731
76709
45807
26545
66153
55657
75643
64777
92891
63405
92811
87485
25283
73779
61641
41753
41565
30549
45267
91443
8301
23873
68323
67305
46641
70263
93257
70431
65723
54219
55199
78063
37269
17797
54037
59663
29349
9617
8891
33655
4791
18627
20205
65251
20425
43293
77775
39863
14967
95417
17045
29201
2427
89035
31381
34691
66549
28275
52091
76835
3
14189
18455
38349
5005
27391
41435
16609
82773
11071
80287
25169
1051
11941
47773
32541
95121
58991
14779
73739
65243
10771
92557
44987
31591
31607
29047
52013
53813
14987
22947
17517
63889
76727
37173
20849
64931
88613
95077
37005
26039
38583
59637
10437
96623
51293
87553
89357
27659
42911
3325
2507
5995
74071
4463
71859
72973
92247
82553
43797
83233
47135
74707
19503
25001
94923
81767
78003
9511
8067
22823
7261
39675
6773
8719
76333
68073
69689
92931
93447
48075
561
34291
31409
84619
47113
423
45869
5851
86425
69151
43695
92129
89155
43197
1079
72463
32609
24679
13189
64929
39419
22805
83169
50337
19387
40739
94435
21399
79915
88669
81141
25567
31281
16101
43903
53395
72847
58329
46973
95913
83025
9383
43845
20681
51305
40081
20003
74667
16951
68401
49121
54251
89605
17755
97171
29909
26201
40403
38867
51789
18723
14825
90389
80129
96365
10309
95127
97833
97653
68933
81333
42827
34041
34019
51601
92305
91465
49093
41081
73749
97215
50993
33385
19953
191
63817
43661
44601
64919
53985
91947
64517
95091
94281
45847
29037
68137
2851
61425
10833
28789
67489
57775
21729
71465
44623
67539
95895
41395
3141
99537
63275
34261
43485
62573
42813
61957
47475
36147
47261
82503
5955
95955
82099
15221
90309
64825
9077
20541
52213
75807
299
77615
78993
931
38541
72667
72357
9865
36231
56757
451
30033
93325
76297
28819
94261
65211
38275
10151
85977
24477
64877
92029
25553
35671
4725
95433
66995
89645
7063
15295
80749
40981
75327
94017
59115
91671
33247
92493
68417
14009
25831
9367
14285
13503
32163
43789
91501
889
12743
90213
26679
52129
66087
58487
15173
56881
45275
3401
81353
51663
29851
36359
64561
16091
97771
17405
13229
76143
57745
99687
79933
1575
84497
7479
51721
1531
78141
51511
42293
13937
43417
9811
98553
51299
22777
82779
91051
18987
86881
54431
11891
93603
16331
40391
14343
73649
4859
22553
63867
48849
93515
37681
44665
42377
24409
14655
87121
46859
6175
24375
40063
71941
89661
31499
82615
71207
40665
25377
64477
40169
43075
45559
61949
85241
31491
43877
32597
37317
56369
99761
53389
52605
55555
77337
60393
91845
61065
71949
30511
29105
99447
77019
96917
45725
63523
62715
38883
35389
33559
7287
75699
32275
74017
41097
5195
46747
96245
67609
87175
95191
96985
94359
12207
36919
93815
3809
57495
68827
3383
74115
53561
487
48921
10299
64369
73789
43009
70265
23307
98995
14227
70505
6637
15851
70601
14947
13463
77461
92957
287
56199
44585
21203
92859
93487
12319
53285
2913
60019
73973
87011
6329
31773
55897
40087
10989
75849
88479
51965
60535
98063
21039
37309
80457
61413
99153
93159
35725
53501
92605
3265
91643
44321
8533
35567
63913
56879
51035
505
27397
63267
61677
12667
37731
96219
69053
78841
98317
20247
56453
86803
30721
79717
25231
16761
93785
31927
12545
76215
15463
40085
35575
66345
3819
24561
45993
2579
24045
59343
43913
23395
42431
63355
73469
43237
36875
6287
67975
52199
52587
69587
26819
27733
48791
47205
87731
98321
52567
51839
29251
32705
52375
45767
3653
57221
47567
79863
39381
72821
74283
40905
1417
59589
79337
22349
81227
51715
68095
30057
53977
85989
30761
52827
53703
97297
9157
37505
70871
36207
68171
82095
31723
43473
36591
8833
59719
74859
3079
71019
59677
86739
69963
17207
24463
1687
47149
92523
56903
7525
75979
71597
50011
73435
41681
54505
80641
2257
15005
75805
10409
851
39963
37565
99911
81979
73119
28099
97145
21245
94051
11395
37265
6363
25979
3683
81345
28733
50547
5171
74005
86399
19213
29243
54805
74931
44709
73969
31655
76637
78269
76601
21097
6645
51595
54249
74487
1501
98943
42417
81247
70597
46127
13243
69923
27105
71969
66763
44963
13019
48767
12239
79745
75069
46689
11653
21573
23813
10143
68235
13157
77863
99205
77167
12503
31867
34757
2079
37039
8961
13031
3541
58009
99867
43187
97493
82367
2675
18621
32487
67859
55769
3537
99399
16579
71809
63679
69327
75447
35789
43259
5081
72833
23337
90563
281
64387
12183
88529
55083
29675
8389
51551
96203
48137
67225
88407
13947
82291
48627
27125
57195
13029
9601
27169
21629
74303
92333
10461
19659
55495
78469
86239
98213
64055
24505
30169
20133
79279
46415
61705
8771
54855
40349
80687
27911
45753
83499
53841
2587
67597
59729
4339
87283
96869
85217
97869
53515
51369
69043
96169
43397
46105
17939
63095
14145
73501
40829
30245
94877
11975
24401
64181
2037
24469
71053
68783
15623
8699
69065
47351
13307
56889
49397
36511
25793
71167
50863
58817
11401
76531
79093
44433
69783
88229
38097
65851
61077
88001
16887
44135
76347
98843
55725
36911
89361
12815
18671
85419
22475
47801
61031
54785
25257
12723
14243
96497
5339
36195
17335
77813
30319
75411
95713
48109
54273
27267
16045
64627
36491
37679
28551
27947
96775
2817
3657
55235
44019
35595
76557
60785
52499
54309
6089
25293
48763
34045
83585
35793
21063
42001
55165
36105
97289
30441
54171
29211
84673
99985
79513
733
81385
94841
60699
82029
24119
23225
82981
47051
78695
15177
64371
90241
31527
18823
31003
363
10001
35145
76055
18703
31403
96713
94577
98011
62709
91719
61943
85219
60197
61881
26785
95977
49875
35843
81085
23993
26925
13397
73759
50607
57657
62051
60097
63389
77927
29191
38513
5467
84477
98523
17951
49975
44495
99841
67457
90161
25357
33353
93267
24633
63439
34579
36179
6231
42925
35081
55049
15107
60461
10723
3877
7749
4243
51213
71509
61061
90201
88819
55877
41175
19929
81261
56395
10835
75255
4937
53047
38699
46753
67045
10225
33711
95377
97311
10875
84009
64965
87299
27681
33995
9283
8939
15975
25291
84487
82469
28927
97585
72063
76173
41789
95807
62157
25319
67349
6221
57475
34017
347
28005
79335
56927
45199
5077
73695
84617
40459
5747
44891
65657
27909
23411
58711
68883
10585
44403
46199
83275
38891
64115
47739
4957
15651
60841
34145
27315
39121
94221
4511
46597
78507
89197
33101
67325
48337
85011
13697
211
18853
23089
5187
57099
58483
27541
6003
19491
75651
92075
42383
30167
44037
8691
81305
57035
11629
96681
41783
25135
65507
14937
39961
58121
40181
76821
41581
36701
12437
89061
44283
32273
38035
56407
51275
2013
82459
14701
71203
84213
3533
43091
17031
62265
49671
17035
88615
71243
92119
42977
72729
27741
69443
60957
74061
4903
38783
50671
29701
93403
86409
57093
14527
96859
15551
53995
18909
74207
56819
62371
90821
87393
82485
12247
13921
43303
72203
15579
44535
48847
50217
58797
71119
63761
71603
22681
24335
39999
58097
15585
45171
64003
88847
85947
23731
23579
50499
23557
98733
29601
35307
43719
17183
71371
27045
24969
34799
90167
22387
79913
817
36347
44815
93961
11017
81099
8231
77387
42355
9007
66103
58727
46053
767
13215
79877
97417
77909
96257
34117
26479
17429
52599
25131
7551
46537
48045
98637
99607
53519
94995
9783
79841
31159
29537
69697
49159
5053
89883
58925
92949
64895
60093
791
40559
87745
81869
69315
3889
29383
7775
51175
45147
17985
52869
1591
69489
22355
18787
66781
73145
21957
82075
22633
30187
16813
6319
5101
73621
1547
41083
923
94981
70471
15783
9391
68091
15303
58737
29707
12429
4063
41479
9569
51101
28115
33921
57713
58447
80531
78893
72065
97333
17389
39279
21555
87941
19295
84611
4795
17621
70959
16039
85893
96815
49415
74787
22573
23433
81591
36777
44081
90215
37717
11533
10205
9451
39483
27561
77795
2049
31901
50903
66895
48485
23807
74477
79923
40813
21871
63483
27533
66245
82739
45293
45705
66939
63243
85405
24797
71089
38723
33757
23103
88145
35263
52747
17975
19171
77517
19481
36633
62059
24315
31085
98863
36507
89047
86067
66177
68869
79457
47743
68407
67345
90837
56565
57925
95105
81609
59025
4425
16803
98141
74381
12297
14455
42075
84627
18817
14449
62257
23835
38135
85029
6005
60857
64007
213
86519
9751
3907
60471
293
23737
63039
84879
32217
15167
4857
67095
82929
49435
12883
64669
19135
7495
91407
4653
88127
40513
43161
10361
71577
33775
85391
42731
59181
53635
59579
52107
84343
52941
81491
76765
83931
62705
95601
92449
5529
97143
14301
30505
45301
9855
64247
37945
30233
74275
59895
95161
62499
18997
60465
91537
7925
60351
43759
75299
98991
92705
10025
12485
43367
41545
84069
86319
33741
30331
27817
57973
33137
61725
21007
24575
51591
44975
82193
20013
47163
6027
69799
84929
29885
97451
53011
99203
85625
49525
30275
94175
16511
93207
82597
79651
2333
61309
35773
81139
39911
3233
80667
96649
73917
54039
55211
69433
89103
69361
20951
80257
25837
19633
53053
76645
22137
38817
14949
40209
90695
46611
64995
95301
48753
87459
11777
22321
25193
20119
58571
95103
36377
12961
88133
39787
46669
93839
62455
40993
13421
24521
39913
59691
61547
78403
11799
72985
30327
74421
54427
71661
82711
39571
62887
69657
45965
71077
21175
4291
15915
52389
84765
16433
85883
21971
45967
87013
72747
32439
24115
97359
42123
49391
26857
55507
75971
95473
23761
83485
34963
78037
12595
13917
46855
86763
84625
57633
68511
30957
5369
66867
20063
64615
5281
27765
96381
35619
92279
15929
76125
28373
62591
59809
42005
2825
69455
13347
96337
18393
70555
34847
19761
40637
42253
25953
2551
12845
91835
76011
22679
40855
75581
11893
97915
4739
23135
37539
37229
89185
87305
79131
16895
67537
73155
36043
77739
5645
69605
97607
42033
29875
5289
20895
98777
29853
45287
27381
39055
76283
80399
95647
51769
9051
86605
23111
76877
94707
49309
36337
85571
71175
28611
61503
80811
30119
45163
21955
17343
3245
22699
40533
12171
27819
2847
81213
83357
14341
84645
24531
1947
78499
23359
46139
85915
82637
36727
48541
56971
50197
57901
78401
1179
46005
37419
17485
73391
68571
3803
35239
95973
52609
78427
25159
74941
60107
30467
7533
83801
37647
51461
87219
12589
1931
61799
74923
67791
78561
86349
30183
10345
71609
68127
38373
74307
76955
75099
63573
12629
25161
40067
27055
57581
95321
81267
96689
46125
27219
45377
47439
59841
31211
9503
84385
72915
30751
87441
2065
44061
36487
81841
69403
22913
35073
8759
84357
70933
40157
3373
35279
37951
1307
41105
87383
22205
99693
94811
4913
13615
30575
47347
20495
32013
26457
2765
3107
80933
55279
12473
41851
88915
38215
73997
88273
29997
71399
96003
12267
45391
55759
91133
33789
7635
42199
23505
69531
80871
38459
71467
55073
26133
57543
35385
14923
50253
37915
38061
48455
81507
66283
67645
37295
247
98029
26781
28531
43803
66641
45349
38327
93203
95759
96557
52963
98347
54933
20749
37777
39059
56683
75263
22519
42933
92251
64431
32087
73681
1521
89383
8603
58215
68193
41731
15473
53545
45929
26907
1715
20767
7141
87817
62955
33231
40697
13231
16259
98865
46935
30997
78481
72537
9725
87907
39475
26669
24105
37677
29621
58007
59015
66577
32391
11379
48237
79635
28217
29423
81555
41495
16117
23429
94849
70309
81813
53549
15841
69479
72021
66679
66743
89303
59059
68595
65145
50579
64591
3489
30659
21
56339
81945
74495
61297
2185
89595
27269
58697
8745
29405
37741
7271
65645
45793
47037
49679
90115
16725
77907
17121
46393
66341
485
12391
28665
93013
31741
76361
43581
92991
70445
51537
38965
82969
85705
81913
18443
957
14935
33373
99219
72497
36707
18889
39645
41153
4285
20107
53961
34537
99595
9115
69719
43179
22199
71921
86963
89735
26655
37637
30029
14003
53885
3501
591
24647
41773
40295
39117
42265
66011
36887
52845
33421
96129
17627
82589
49339
93399
99021
21265
22939
76725
69249
23977
32999
217
84697
1041
69613
70033
37779
57677
56587
82001
76761
35515
57979
80339
10267
45117
43165
76721
88645
20257
10227
60513
82005
51731
50979
44229
14665
20083
91871
2441
33329
49589
98983
89381
2493
74319
73937
26341
93945
1749
59153
26191
66635
66803
33237
43249
25781
52793
42587
61491
6041
91495
75477
44195
52125
26443
72029
62037
38529
44759
78081
98607
2807
735
71157
9621
74371
85289
31907
86001
55261
53755
81821
37411
55327
86329
36763
81343
4093
47933
78133
82431
5451
87609
81797
3513
5533
75583
41679
94555
36093
14369
14867
27853
41903
97877
73633
2337
26739
72695
49627
74609
19979
53409
55265
3955
64827
68087
68291
66339
22507
77251
71703
93319
34609
85801
64865
88969
86567
32573
80813
14327
18761
60063
94143
70437
87105
13977
67945
72979
26619
42709
41285
36743
65891
89125
34613
1317
23719
68189
13729
49265
24723
34791
13803
18059
37289
48307
56831
44655
94925
52381
65907
18339
10487
15335
42909
68895
88511
91085
98415
81793
1063
87035
19355
1863
83661
47703
23905
94709
93535
89913
28663
40539
43077
77407
75579
59643
60293
53693
19453
28603
10251
31487
17941
74749
47573
59405
40141
50945
21207
96021
60477
45415
67249
32689
65209
69947
62523
62769
65705
60051
83319
7149
24447
65873
98619
44683
37869
89537
17927
18683
14319
97681
69939
23533
30223
67253
17923
41631
63641
4383
16507
30495
64001
30213
79073
84241
37371
98921
54591
19575
23531
74309
75973
45201
92725
11055
99343
25727
12847
5725
78285
23417
59585
23239
685
20227
25843
93903
38405
91807
38369
61731
27661
25435
89479
8919
54653
78671
40765
12985
61687
28153
31131
9399
43859
54695
34911
26157
75793
57473
50063
67873
30329
29953
17657
82443
30909
60623
71601
4213
82767
46517
18745
53279
46309
8933
97031
94061
37245
1871
17275
63971
73521
31393
88687
49113
90889
55775
88275
4577
74131
40793
19153
65649
21615
97905
25227
7973
72121
18467
79795
1877
23287
50545
12603
40449
38231
25415
68197
24563
66771
82377
17815
21467
76593
11933
11883
26373
43385
28033
17451
1553
36663
1243
52171
82587
38335
48769
98051
88157
66363
58957
30953
16603
46135
66277
28193
41953
11239
55543
36079
42053
10705
6817
92655
98789
55153
74223
68293
93715
79871
65107
73407
36393
20891
38155
20911
76993
74877
90779
94571
17651
89411
17149
51105
91623
785
82959
98697
69117
19173
97379
28521
64729
72393
78487
1289
69449
7589
44007
77699
37909
13881
38719
14829
38535
29661
6193
13435
8347
59369
88167
66975
93301
6289
98539
20765
82875
87627
69495
86837
70273
58455
49953
75947
98683
17399
78411
97457
56871
39201
85123
46349
97947
98461
22755
93137
39103
31673
35749
41355
61785
55599
53063
60659
43919
50807
95927
38607
83399
2887
31081
6489
76083
23621
76085
65721
96747
71495
51661
36649
30069
19063
26647
54635
20163
16561
18785
7539
63445
39809
91573
47735
37837
89665
29483
89117
54325
2953
4017
66419
24565
68269
17697
43577
92169
22713
24483
3019
33883
24847
13681
36589
76077
4881
11761
7263
85039
1703
28467
56797
45335
20619
51813
60339
23961
33975
40175
97703
99267
77649
70929
39993
54465
18391
8337
11823
18557
11005
15251
589
73197
11585
90081
33521
99049
7959
91399
50617
63495
48175
19031
82679
20949
1005
84133
22541
78681
3061
8955
92699
24529
86389
61347
56549
42301
29053
25841
11015
97099
82833
31993
59609
9975
28829
38171
96511
66337
54801
411
92653
89597
97061
38385
29633
19373
80057
30403
78719
90575
42551
52377
83351
83953
31749
29539
83553
94167
71211
25103
74239
9197
56511
70537
98343
12023
37669
65039
33417
37101
69961
28045
41297
42985
115
97085
38613
61745
41713
23193
81863
18007
65043
90727
61133
54429
69031
47491
96173
9513
74567
50649
12825
22811
81351
82391
91141
41949
53305
70415
77177
28495
8369
74475
62993
14537
38625
23851
67527
97
49939
85647
53627
29481
38667
91627
31433
97909
52683
90717
48331
72277
33647
58839
50873
74811
15267
58857
43405
44635
20707
331
83935
80745
92423
46527
21427
70183
83899
64191
91375
91723
58831
78239
6317
72313
59759
67469
36065
81735
19277
17589
45553
1
72173
55871
74007
16987
4349
44463
18849
7465
9207
24161
56777
74913
90227
26575
45453
45359
59275
27031
54175
32613
46511
45007
95809
60641
54743
86651
70817
66931
22207
70043
15661
84103
57171
98827
77809
24313
79391
96471
7321
8893
69245
32945
63365
92713
9559
68729
24111
28493
30371
93511
59161
9883
90877
17703
39195
78085
55105
41735
32893
46285
15361
99509
32639
45125
56069
72213
60555
95621
613
73455
44427
44653
28019
59263
31769
72223
23205
45385
66599
61545
95945
80821
46235
34939
97623
6861
12447
24473
92391
84549
1261
17787
25999
74501
51979
24033
47379
39489
20929
15481
99329
6769
30113
39639
52471
83363
9861
49327
7307
68973
68633
84085
24927
68743
8041
46655
48327
53949
42615
29249
20183
21225
1433
12763
4283
32465
48087
67991
7253
24085
723
33923
59495
59595
42121
28851
83279
12941
98529
36265
5415
14695
27201
96187
3855
87729
19569
54983
16707
71081
79875
74963
99463
24697
47349
37205
39193
10449
89369
27977
23583
93305
72481
64951
73217
42345
9375
67551
15883
72797
74687
38093
79175
30323
31287
17225
7751
19187
85497
35301
67907
57381
99703
86423
9137
28533
92309
70393
22363
80231
34699
74387
74967
39829
65383
1799
89805
52103
96767
76509
28923
89255
8155
60509
51719
94765
85973
98113
27071
3191
60235
4257
83987
92113
99105
72447
47857
5275
22829
92663
6351
42515
58555
51255
54385
8687
84579
44025
50595
18203
493
23603
7315
82417
16329
5531
7491
1319
34143
77223
74761
13915
55001
59423
82369
19513
78995
49061
54721
67593
92207
12151
40657
64135
47555
79347
11345
26627
4377
77109
51055
16415
53855
83979
41661
58775
37691
73679
43773
6121
59959
87375
11607
395
93695
479
51363
95197
70579
22025
64815
70969
32681
96445
83209
9647
77315
25609
39073
34575
47635
86217
62465
57807
45213
9651
92183
42129
74171
23677
99437
46619
6963
80153
79087
98859
82279
64443
54299
32637
72401
33585
11731
86139
5411
68317
74765
84459
66113
76743
57359
33915
49749
62551
34459
26523
95607
36037
23219
45477
10981
24879
65131
45651
24559
9129
1185
20973
85235
11431
60867
75191
8489
73595
98079
84751
9933
68961
41509
55093
68285
24699
91735
71961
13669
741
45035
86199
46595
37881
17519
10611
28203
68925
57299
86377
73069
62193
98391
23241
35395
17573
54581
44459
20465
43811
21021
61045
5941
16533
25969
59483
28807
8241
62505
86327
69429
99551
10313
32631
23199
64689
99177
44549
86289
85789
52551
99079
26763
3719
84281
28773
17175
91927
46667
47787
56921
60649
69545
99877
62653
60229
66239
74505
39935
82545
20229
53487
11317
79109
96227
97153
12631
88485
551
73015
7735
54623
71321
20753
97779
8013
24237
87017
34413
54799
27923
93201
12497
8151
80333
57357
24373
36101
58881
89951
59135
38393
37495
94723
60873
20739
62779
67337
26115
25163
87557
10319
3023
40479
38799
5997
89227
27623
88057
75747
91849
20805
5477
11651
4423
46997
29839
9017
765
38379
57371
4551
34833
18611
43351
65837
72007
87949
39273
18641
81783
26301
26217
9005
3983
86727
75903
15349
33117
9645
80541
61659
51063
40687
85299
10405
5
13323
81293
58793
35357
35375
24279
34643
45057
49335
61081
73645
7397
28705
34927
61071
91057
71109
34369
11037
99407
60645
16897
47589
91439
93767
11983
41817
56899
62515
69889
78095
15101
17197
97173
79273
31915
9471
40123
94737
10925
1153
75359
94311
50513
96395
29835
79161
10567
11329
54813
47929
26435
23003
59101
98395
44001
99897
40869
67047
38843
4869
54637
38233
89533
75157
51135
80391
69763
62735
63685
74935
42841
63697
35751
50013
47241
15065
12587
73947
24395
75463
39221
41535
64421
50897
5381
50685
25581
42893
75737
61395
17309
6259
30945
25709
81901
62873
71463
76561
79015
41951
91433
29493
727
59705
90989
30921
85561
55383
18691
13363
98939
71149
74745
58449
43523
89747
48811
79379
85509
95829
7171
45805
65293
96717
8271
13641
88291
55839
80863
67263
52873
65847
67115
26101
8543
47055
60331
83583
2041
63735
65033
46219
45957
92403
57865
74187
36929
72411
37343
65327
50287
23191
52281
40369
3573
78837
79887
99415
73673
39533
68777
35947
52149
74173
46097
89779
92389
76213
36149
41219
71459
12393
87237
49455
71479
97045
20131
47487
62067
63915
9553
41281
91751
84975
5949
24369
50469
34869
64139
75151
77321
65625
53123
54713
30735
21173
84025
72791
56647
11763
6167
44103
75985
54301
38255
89105
14755
22183
31301
91521
98285
38133
20147
59839
4885
30809
73753
9409
40193
74569
4261
92345
85197
21073
89801
39801
46121
30197
35441
73591
98341
80385
56273
29421
43083
84709
83957
72741
31937
42197
96109
11275
18843
66233
69143
23513
72279
51469
94321
49337
29147
34397
80133
9245
93867
81269
80411
89625
75665
80503
83693
32299
24127
90599
86005
1033
90975
36577
17037
39081
45663
86063
77285
76235
13807
95937
99975
88895
77093
23955
18601
2747
77175
2683
8275
78713
8219
7703
35603
85177
6703
62977
48751
31055
72779
37123
5689
35801
10423
29193
30053
44843
76789
76649
71205
26637
89541
34547
80149
14895
29185
70927
44227
85819
93011
99087
46019
84641
18083
47179
59951
63399
96127
50795
67665
72569
10365
39189
57779
38521
30959
33453
59611
18697
68865
96915
86873
8923
85273
24273
58341
7879
99979
13329
12511
90655
7389
92047
39919
66447
48875
73319
57063
5833
47431
66481
94253
43489
72823
15039
18247
82337
89561
94545
62509
53573
87381
24981
28833
47713
89285
68243
79583
7743
35423
12193
65961
52217
98345
7939
49379
29289
87829
52715
24557
29387
74119
45305
4163
25889
68419
74425
80023
24041
25191
99269
96311
39425
61633
23285
67519
21663
31695
67709
82831
9225
47
98413
66375
82303
86505
30531
59159
18293
2845
62657
58257
11409
19123
22655
74697
32909
45827
86265
67135
43497
26423
18729
2203
42285
18527
19693
73379
39925
25917
16105
65607
6681
66335
31039
34991
95435
63021
10481
56073
79647
47159
33391
34733
54441
47715
77257
86273
38725
7037
62381
5395
52695
80823
15475
19695
87273
41031
43017
78687
61063
80567
87987
76483
76599
29547
41979
91717
73857
23043
763
55091
89391
21479
26583
49651
16473
97307
28241
27097
52721
74573
24013
84421
44425
43209
37715
40305
72011
67397
36587
47919
85051
65451
51543
42677
73653
17021
91527
74825
44499
12063
85089
22659
77745
26665
4345
16079
24813
96871
55747
77657
83523
45205
9763
11009
40579
37349
46675
8529
8089
1409
36829
14441
54367
17829
31705
17459
69761
32741
66415
9485
61157
12019
6805
88235
74427
26007
19643
68335
38415
1635
36197
45697
15213
56755
58303
17801
12303
79701
40065
76691
6399
42741
94325
67753
88571
12565
21017
55323
81517
36841
45073
17979
12495
7731
12337
49441
86767
80159
92827
66885
93481
57923
88311
52699
45155
64033
54029
93889
86975
23801
87775
64793
51457
26143
13737
9903
48939
78889
28151
83519
44299
84243
45619
24281
99499
30713
62817
44267
61645
34153
4095
33621
67381
36515
5609
52379
49355
947
98629
26771
5479
84931
21033
46179
47627
34365
69789
53877
90721
17307
89225
22463
21243
43101
48821
24293
33381
30917
12899
62837
32381
3133
73533
96389
96801
29011
24437
33969
65247
14613
49959
47017
40791
9583
1669
31779
49529
63143
66991
11949
65313
31299
49579
68821
67213
19943
59567
91303
39235
1775
16673
17631
72767
17919
40833
79581
42015
75435
53031
92457
79945
8143
26001
25525
28595
86247
16553
14401
91539
13923
71315
35235
40781
73899
32907
3099
67809
17165
54311
27917
95347
91231
88565
11505
90977
16201
51417
71411
7651
25281
84107
63295
17013
55035
82445
54337
72531
66311
68347
24087
69059
78833
78461
42331
26799
47217
48591
96423
12455
38565
20341
34135
86789
63659
37261
29575
2193
5309
96639
98625
98901
31513
27383
26405
80551
82483
88121
35019
61325
46677
93243
13413
28287
77001
71067
12307
81477
42613
56207
10869
14143
94509
82393
47709
72885
93789
46265
72957
74819
21213
77307
68097
65487
90755
60067
53257
11307
81441
68603
45483
47581
18577
11935
35531
94593
35249
73133
42325
66811
43387
94661
68653
34873
65987
99669
62619
40873
28513
71931
56337
30847
641
41135
9549
92465
97401
49547
90181
93569
19363
42031
50421
97735
82409
69353
73253
23011
67297
51743
6945
68443
48159
31009
57949
98075
56487
66789
82091
99359
27535
24755
81051
43855
88379
63409
97809
15637
66253
13253
45465
42119
3039
21557
68363
11443
11725
12797
96579
14137
19065
78943
28359
4441
66645
45727
10285
44619
22529
63251
72939
98633
17161
4431
61107
16873
50563
43795
52289
72881
15507
13337
99539
2749
19157
90387
22057
335
87847
92881
5625
38609
85525
54935
36665
36475
84273
5045
47137
88599
41265
98717
85601
30195
75131
33479
75329
60533
54833
59845
35203
81605
19625
40099
53033
42541
89653
60325
55597
15563
48277
88089
63481
9285
18029
27807
82127
33771
52799
60035
52185
94233
28311
14879
50321
58565
45903
95681
48739
50831
95567
49323
17983
68117
53221
45657
85229
50797
97023
68257
71507
94681
99235
17859
26243
5947
15415
66299
65489
49237
68021
65631
58369
92853
24149
15987
15867
16315
69625
38179
78201
92521
9705
62643
71491
88387
52557
32399
42485
1879
63595
59023
30407
79501
65189
99413
95151
20157
75325
41449
90345
25789
83593
62607
8883
64721
97501
76153
57267
75181
76103
33933
29441
48697
11753
55867
78131
7169
41205
44573
27847
70129
74593
27913
32449
99633
37465
58689
60817
34219
59829
86791
45797
68231
35731
85995
43147
60177
95005
41325
33663
72685
40797
901
53823
64665
18341
86347
72457
32097
19033
17805
70599
16629
22505
60951
74069
64107
89007
22501
26065
51545
74191
21611
96761
98363
34777
58597
73221
66155
50731
38673
46237
78493
35863
82761
23073
25179
76475
89919
58971
91405
58177
15855
85665
54193
94711
90913
49367
45459
80801
99719
91637
39109
47939
65665
697
39151
21249
99647
82933
7949
80049
77587
97753
34435
71913
54613
36439
37355
70625
51951
94319
12661
61769
62185
71567
33445
40437
5675
37651
84253
84377
23535
97777
19707
61265
41287
2867
49823
22791
38435
59365
86929
67571
20809
19109
80759
24231
2411
99337
12237
59777
54663
63605
31137
65111
61965
80203
95649
50373
93103
19985
91823
73625
22479
83365
96531
80869
29241
42481
37709
36601
38497
10061
12039
58681
39857
15255
2637
37481
27345
65511
64541
15317
10641
99661
10165
7849
56143
55129
67837
7643
94313
57917
17317
49967
42271
88021
45821
14389
85009
85541
9257
26999
8681
76047
72527
71619
83345
12617
6683
69543
83439
42319
66821
82879
18299
91047
46513
87701
26023
62693
50893
20031
7301
43785
75993
23317
74699
12505
72739
51429
15281
31827
99349
26597
31209
51385
17545
60017
99545
83369
7637
38533
85835
27719
9849
95427
6539
52889
82055
64667
56299
97575
86441
34257
4103
44417
34767
36637
32303
13607
89231
44839
86511
65019
4137
17339
12253
43849
73159
63225
38973
87997
30449
55587
81315
22985
22079
71123
82951
43461
31781
47529
86781
4597
85843
33675
57785
34147
19837
24715
61441
21779
663
95031
98245
51427
81235
37983
34265
41229
57855
33667
36999
13975
25763
94475
42979
29067
99019
67511
76859
97027
48355
2437
99025
5051
75153
58567
7633
19771
15781
84567
78667
86563
21511
74815
82809
47121
44477
74587
31375
59939
60373
43729
94881
6263
21177
40529
66405
98505
95313
27197
30651
52757
5963
48517
5627
73503
49085
91941
46563
85157
42611
73277
37297
49517
11903
58057
90159
75707
23667
82243
74439
38229
13761
82111
28717
61593
97487
72091
12853
20881
59599
25775
43449
92581
93311
48183
80657
63213
71221
13861
24095
41823
41961
75535
81965
30805
37767
73047
3797
63819
21787
79451
26111
81915
76277
84433
14367
1405
71549
77215
21401
31531
64359
92349
36941
28261
27903
74079
26727
9003
33437
31373
52341
8229
83587
64157
69721
18539
7487
11127
50511
22503
34871
6045
80709
60271
37023
54101
21987
5693
82667
69321
66287
85495
59883
57829
66985
31021
4413
18253
36863
78603
82677
58827
93773
34557
56489
47653
81381
8125
71723
3899
59111
81777
94643
71389
18969
30613
257
4113
14475
34615
44049
84247
14021
7679
38443
85859
35023
89395
47991
89709
7497
18803
78537
58967
995
16479
91857
90005
43271
99417
65971
83389
96155
16197
46757
78527
36517
60427
53467
83133
93245
66145
93829
165
84965
89423
64495
5767
16475
17865
70773
66227
78159
27939
34773
22123
82849
10809
30429
23137
49839
57115
41409
72807
5763
36307
49005
64043
87415
78753
4887
53517
13707
31501
46345
60103
43979
92785
95979
66503
50297
13945
69239
10157
37599
45059
56415
11955
30067
44087
5885
56129
98193
41977
19661
30075
28397
51425
98203
15875
52057
22643
97139
67613
86643
93059
95299
42217
42591
17563
47749
729
16267
98815
39251
42139
48005
97743
20061
32347
43943
8557
19811
55459
75785
60309
4563
85317
47031
27553
48361
76043
96957
89691
6685
4451
7709
26165
58699
24511
37619
40197
58351
78739
39309
27173
46615
28085
29297
44443
14847
89765
14561
79249
88385
42791
43869
31293
54665
83303
9773
64059
30221
98123
5951
69027
59953
12373
59893
25367
24595
97707
39973
89287
40937
15729
6885
73547
18013
19163
9839
17691
74089
95135
23855
52175
2859
63203
89183
30155
44319
99517
95203
98487
80347
71161
99705
61871
53373
6793
19287
82491
39981
21675
94283
66279
32553
27783
49893
6519
90783
84949
13683
80155
93505
85027
68651
31051
42057
85923
69015
97407
393
46091
8817
46421
22795
38745
30681
67761
25547
75763
13599
57247
27921
69081
11685
33249
70121
36947
869
48551
80165
26831
99055
75245
33243
55011
92735
3665
76379
88271
41669
81329
26247
85707
57207
93705
81019
92287
82967
59801
4419
27467
68835
87065
81237
60765
84185
54951
64077
83867
68209
14223
8091
46771
53527
89171
17179
56335
50099
51589
60289
15547
47645
78693
72717
23491
81993
81597
34009
73903
26747
88531
76833
4517
44829
83147
42923
8493
6693
34583
75729
84527
92905
8421
57471
16007
45467
20375
69385
46819
41743
90739
97815
21489
82747
24333
85061
50605
81179
41337
95263
86081
53991
77335
97025
7051
91471
86269
10639
5543
54389
94649
25543
39791
53469
31669
91251
27961
41653
76403
59929
45591
12117
96283
52673
77493
45811
72237
37033
86421
59007
97017
78075
64323
19397
87245
75281
13039
18599
35269
34189
14469
89727
76759
78867
7093
87481
31615
62413
12747
90199
70861
33197
58591
83709
97969
78327
37733
71025
79439
49543
30719
49791
22221
29939
64317
87091
86743
17795
84913
87547
67243
83529
41641
4497
76665
26631
73463
92517
33573
91901
6311
32393
30759
43769
45597
10653
35685
23007
84167
54079
41503
13361
99965
76479
43069
78165
74615
22651
59899
56305
8665
76113
38453
84305
75081
4389
20199
6613
59211
87369
78317
99815
66615
19089
51215
64971
6785
64419
80349
52667
17655
25551
42749
60251
34909
30179
53571
68625
93391
13063
62083
68695
41461
98731
22845
21009
97007
54513
1621
55995
18919
33935
78817
76075
40575
78543
6255
71871
29245
35539
2773
84901
83101
32709
2467
53251
91417
65277
71047
1559
737
3613
69913
93121
70875
58039
62641
92381
46115
63053
78807
35033
2775
85609
25351
83983
99429
93371
64463
35215
13501
92425
82171
85951
4301
90657
54699
2187
34231
15917
47139
15397
27489
28577
42673
53609
44207
74095
68553
16229
79521
12895
40901
49317
303
72235
52775
94899
50329
15647
77939
86773
78199
78041
28691
30263
23515
15217
51237
70499
30521
64853
1065
39991
21137
76301
6615
96277
73081
48049
40527
20307
53769
78871
21895
70647
31649
81287
98761
95189
27601
85481
88727
36935
99531
26729
50105
43267
64871
9687
58409
20023
47255
43455
82153
56117
90319
55289
76775
9031
68589
65395
21223
48577
28837
90313
98323
90407
73505
86543
63381
98793
7565
42721
90847
96077
4847
35157
59763
44129
43519
48905
93745
86757
11677
52089
7569
4045
82093
10953
57737
91281
60675
15175
76005
76885
81931
39369
61889
56995
42447
99561
57661
70687
11353
71901
78097
41007
15391
22283
18227
73359
84083
84145
71951
70825
21687
32495
84485
6251
64285
40461
60355
33459
91211
86193
6671
16223
92913
26413
82071
43193
6195
78715
10689
18111
58255
65927
54231
14589
41711
90185
70177
67061
52297
99327
41033
22981
80311
83185
75553
73785
68295
99213
67291
45755
72875
30911
73341
77783
3739
65201
48935
83009
32499
83153
74801
1287
94589
27151
5267
10643
53803
2273
76797
17929
47793
12721
11387
75219
87353
98457
80207
48053
72513
19993
44707
38245
51575
21983
64381
89445
46727
36981
29943
5967
53191
64939
26181
84599
4979
49017
95457
75427
14833
20569
11589
30925
27545
92151
76701
27775
17767
89547
15287
29411
63047
80331
3735
39923
38277
37119
33519
63835
57
8439
36687
36623
37403
2755
65517
25715
28779
171
12731
84643
52167
27465
97695
20869
19441
73333
66445
26685
95931
27699
39529
27111
78459
59523
17959
81397
63757
36125
40897
571
81125
96593
39839
85291
37673
54021
41347
97881
42475
41837
54971
33845
82713
22691
83203
22773
36767
7091
24319
79595
51259
14059
25735
17147
91079
13217
55043
45241
60549
5565
15529
98781
98401
99755
78351
64813
62549
17799
95903
81383
91701
74925
13639
80437
62081
82975
77005
20221
64017
20077
20555
76291
92147
1381
97537
40373
89865
81707
83849
44203
85749
68477
97237
98269
87055
90769
99749
65249
68425
66043
46071
49843
40033
23333
36173
3181
34803
17261
31515
96783
50793
85831
20983
26953
36881
58781
3033
16447
921
55959
96285
85829
19675
20853
20897
56247
71309
70305
72097
54407
2387
47667
76033
56917
51701
31629
69861
58601
79723
48971
46085
98897
54715
73617
69635
90921
49125
6401
46261
31339
66225
12025
33207
55385
38591
27647
48489
41769
32885
44147
65999
61165
82643
42437
38603
1099
103
87655
46783
20513
67681
43689
14637
76607
97521
63333
80653
47267
19365
51621
99581
193
32241
72765
607
96509
43145
66407
75977
84019
19025
18633
65685
46111
87183
34957
10141
991
52225
33955
64967
259
37543
43379
4875
86795
78613
15811
91513
45803
2823
13127
56481
50379
6135
62243
83981
38131
71377
51149
32575
58605
21761
20189
7193
86601
76519
59757
62237
83753
65553
70637
52903
35069
8873
38007
26543
25703
49767
79751
18885
7475
56427
46857
42275
26297
74803
82329
23841
70495
4807
70711
84743
25713
9265
80493
63795
29989
59891
69333
41259
10661
38907
30829
19691
55949
97783
83297
68227
15047
38781
42483
39855
35579
7433
43565
49769
95425
62879
79181
37217
59403
23065
32017
47911
85809
43715
58523
82945
47365
60337
97749
20317
78717
25217
38185
60581
59259
47661
65483
9227
78583
89299
16601
91159
1613
14871
33185
27735
82847
55989
93723
10857
80589
80721
49073
57129
20241
52203
887
6789
85165
49727
93649
94599
34301
82607
8857
46889
22059
58679
40501
92015
18873
60801
88073
20161
1665
66863
24029
25373
67773
69503
61227
80065
90235
1489
47995
53095
25759
80917
93071
17963
27147
24885
6925
28103
81981
17551
11063
72471
99553
33787
47337
99401
44527
20829
63675
99855
14993
9541
81589
54865
77061
99425
66473
68501
15801
26137
14393
95331
15205
13841
49695
17513
31431
60085
54229
33999
70741
40311
10071
95461
76571
63029
78123
13411
17085
52521
6233
22729
71247
33909
4525
51647
38737
45839
39463
74975
60777
26731
8411
35893
60953
8889
26005
64153
30335
9661
86459
52065
11103
5349
11779
61809
78929
88077
65709
10737
59697
53773
47877
20783
64727
82087
70631
40505
39007
86235
75525
87109
19555
9187
54737
33485
47203
30977
73487
41547
20561
51863
88517
69033
84745
37147
89773
28929
43313
39035
97819
76575
66769
29385
30995
56577
48381
28967
73737
18579
1883
5681
80763
73153
38767
11515
3693
85833
44155
69111
5109
16781
97927
80169
56643
75451
57415
87133
711
13757
99825
37857
94987
47563
4169
32671
79165
40815
1631
66949
96363
67607
31189
27265
73923
14751
58349
8855
223
16513
7115
51833
95383
99947
48569
10555
28515
62613
94967
94107
51593
40205
36041
83755
10885
26207
13017
93095
15889
28489
72917
86237
51163
57963
66213
38299
31043
51411
73713
92835
28339
73447
83699
41787
77157
23101
55843
38851
77835
94587
48963
37593
23723
53859
37517
24275
99247
62857
34317
74863
94025
20439
49877
80001
28823
59377
55885
36537
36387
20799
8111
65549
75149
21257
66775
38123
77153
56119
45223
8517
3967
17807
28731
49193
83237
22753
2741
77733
4681
35303
97039
13893
15603
87573
4545
56013
57485
58713
61719
94621
65413
85019
83735
70145
90731
49961
15995
9389
14465
15487
84341
50749
34097
61909
55057
87551
55695
22201
15059
52193
13317
70811
22927
64713
6623
71837
14357
83325
42421
69271
17547
70769
64439
41089
30927
23789
41781
48423
64533
13301
28659
25777
16069
913
93737
58003
82019
72813
41867
86479
73225
59973
23869
25395
22575
79885
70333
64329
43127
50399
52713
35601
57665
81575
50851
51805
90593
40949
7593
94625
6775
11381
26517
71557
50535
98977
7027
73795
59203
18825
55793
69157
72317
13165
67167
91781
39831
21261
81699
40591
48689
49425
80405
42273
57287
2531
93453
77077
34347
49475
21651
94993
61507
93631
8185
55303
27505
32897
4823
29911
61085
45481
94525
80219
81405
95007
30471
46001
6497
21855
41621
92773
86363
43035
65447
49175
56225
76427
1095
96633
7347
559
47725
69297
3255
60265
68615
94861
82859
10735
859
21159
64453
70767
72721
49997
7601
48999
34493
34851
80465
44515
32959
4293
39957
4215
85063
30617
79649
42971
19505
8289
35319
46865
85719
64573
77999
39769
66041
15823
13207
59133
49849
62391
86395
62299
41921
26325
70669
77411
60821
12101
9983
4167
65623
25903
37011
49563
46259
99317
80803
40083
55181
53263
87787
32161
33165
27433
74943
81159
71225
25827
87007
59885
33633
86385
11561
93365
11483
62415
97335
13079
7391
85363
21547
87143
2919
29819
59241
79427
56065
23075
71575
94847
41733
32143
73323
15853
81751
72161
19113
72123
80769
29469
56943
68109
1933
81463
48259
85871
19977
49847
72997
34335
48161
10127
75421
66519
98163
39579
2465
54633
73059
90505
29187
37103
83221
52257
98377
25073
10413
47509
73055
28591
18161
37531
43363
60901
38487
20691
85127
99307
67467
17453
66471
90527
82069
2975
61585
84755
40939
52809
82309
36969
85659
85685
881
51177
56379
1535
78701
46427
94365
37423
19483
3089
59285
46843
12449
49527
44625
61767
76369
56589
27291
24459
52135
86027
4179
34251
88443
15565
22347
4369
75609
37523
54343
48013
71127
26541
54725
92795
64099
14127
54871
25381
14085
53211
79433
11079
23763
41447
78391
61755
9491
20847
64391
20639
14087
38009
40589
79269
93683
30753
19275
51141
68487
41359
2105
93321
59965
52661
66489
94483
40125
86115
34849
63229
84345
10119
47251
72171
58651
32207
16353
83803
21015
9269
64557
88173
63777
8697
59913
42367
17843
37527
17823
11541
31341
57861
33891
68707
59769
25097
19579
90851
46569
42559
68393
80623
56949
87197
81845
29479
16493
1507
52633
5255
15979
98635
56377
96605
52685
77297
75967
80271
52207
38617
28065
25941
88553
35111
84141
2585
94701
48477
92741
61917
16529
65661
42087
20283
81599
69863
55293
85111
32075
23233
2453
14017
24849
39021
71327
24309
51007
86227
52973
97339
53997
75243
66439
84479
7779
12445
56053
87261
27379
58703
49155
43261
50281
70531
68025
16937
33273
17673
35641
50957
37361
64685
85069
16283
16175
40199
39693
25517
17347
80113
66817
10949
7087
40955
29219
65893
40327
29753
44053
66849
46551
13585
63935
85925
40941
82131
49233
11077
95509
28559
9333
42811
76371
84299
72115
11733
65371
45995
5999
63873
72285
1855
51705
1455
17661
68149
64197
52477
1685
54687
25783
82073
23379
99341
48003
31017
71841
87983
22821
94693
51987
49951
3223
71923
27749
19283
91119
81715
38935
3165
60171
22245
17221
911
1265
63183
30211
82691
48435
54555
94879
47361
84211
86657
42705
68311
96049
31585
91713
2903
27643
49523
98255
95129
2665
37379
13087
11149
60037
9319
28413
93047
61869
66757
75289
47611
4921
19521
7871
83167
92049
41155
74721
68207
48059
9327
14525
82051
43767
13743
17973
42309
37195
12169
9841
15757
80707
41737
64723
779
58085
92473
53723
66461
61995
97361
29507
30701
12585
2001
48961
39565
34363
75931
32121
31317
80999
4989
12197
47741
21969
35939
34461
97243
47271
89957
93277
57425
1617
57515
93879
48359
33279
72769
50235
13013
8523
47013
29899
15053
55781
75043
43113
22775
70527
927
83831
94669
64051
18067
13439
35177
97701
92945
62807
52373
91955
53451
89943
84297
94539
20819
12317
72873
88591
58127
79055
9293
25475
34745
86043
94853
48457
31819
6609
3845
89045
14187
60467
29327
98927
50907
3197
71695
94499
28335
94687
23637
70297
65621
6331
76069
42773
82993
55447
57397
83917
85877
11707
87893
28763
77123
84051
75095
52459
42393
9479
82885
14273
71867
7325
77263
38997
19801
68229
33317
96023
81393
6715
88539
11107
20213
71009
22891
78669
63893
19809
65437
14423
30325
78187
84039
79041
60443
60567
28527
40005
60115
22759
8049
57957
50357
66211
74613
12711
27915
50145
66979
65567
19577
38605
44563
52899
91145
65499
52553
22095
3655
18617
31091
5365
13309
53105
32717
70401
49717
86443
62655
60515
679
32431
56839
71733
40039
30737
12501
64893
28037
34817
21751
77037
39995
27619
76309
83769
39165
86405
27967
38457
20155
80675
74367
84631
98993
79939
42459
6783
54391
18487
71815
50467
6957
45151
18065
36111
83227
86695
63067
69987
16485
49079
20693
60639
55085
20757
41291
37279
93835
36255
6533
57335
72775
47565
63661
66837
9761
43411
98305
99807
42879
8811
98403
88269
29265
42807
3215
18985
91977
38991
11527
67977
49777
15583
12323
12459
57547
48611
23153
24053
16933
72041
64277
799
72893
52445
42593
61371
92865
41411
47953
75607
26355
86611
82845
76611
77359
83143
60055
77259
32589
98397
68135
93055
7803
60021
43143
90179
5151
28623
96703
6907
19765
54853
24215
81109
79819
26849
75767
80843
39267
77173
61771
13473
41571
55519
14677
75403
36365
63909
7117
7471
95707
97469
85107
98719
32559
41133
34411
4043
97177
47353
49273
22277
6215
26867
37907
19299
65687
61319
46613
66255
98357
43813
23471
81421
56113
17291
64111
99363
53387
7343
35335
23975
25771
9439
89461
45329
34921
62015
45187
61877
35415
19251
46911
34217
88111
32021
61415
50239
82801
61657
83883
85255
31557
74679
89243
24217
6635
37175
35715
94151
43353
52301
40057
18453
37271
55763
17623
87861
69269
48545
99189
6367
97841
88703
85853
33881
80895
27213
29553
29739
84875
6101
77965
17301
15127
71443
92223
17909
17647
72573
48123
34903
56315
33879
9611
35901
75703
41111
93589
88289
74663
83643
60733
75425
76517
40187
34825
17073
39751
13843
61827
33701
38483
36555
5135
56055
99393
38091
1709
64401
90539
90365
78875
64811
74351
94069
1429
38875
41049
77033
45893
77095
71279
52561
99333
36937
43879
55451
96807
47283
55927
78017
92787
42891
22789
50959
51187
97235
96635
19281
7577
899
98495
65779
35125
18261
33799
68313
5927
5513
24475
74037
87725
83985
96013
52137
19727
95547
20209
11765
21705
3477
37617
98497
55623
18313
15193
21123
74737
15525
87173
75343
29329
18731
52201
35017
90097
11595
20551
39063
45997
39275
34191
2269
79967
69591
94677
36611
88885
48419
75113
25025
28681
52453
30337
80083
86735
42311
48749
74629
67623
98227
81069
41577
54479
67993
82301
96555
43679
79985
27103
25181
53247
60557
2713
91183
70301
21029
6249
6889
64875
9633
61311
22151
8199
54267
20843
9731
4695
10097
76627
27985
59721
33809
92701
47977
85131
29121
73915
96961
59603
65001
58959
70883
31295
40259
77581
75873
22719
78595
40699
60263
85657
10475
50803
4947
17009
58949
83579
31641
1283
74489
34081
36811
76477
92623
16235
78109
96299
67695
90953
48409
68205
26171
19289
197
20537
64219
82599
78363
36685
4467
50519
53709
32923
96657
8917
2059
81181
2461
56625
34027
21131
92973
80507
25747
17885
75915
35953
42595
48567
70981
2319
81371
18143
21503
13149
34339
47077
33811
47899
53277
99533
69105
12153
28095
30281
49443
40655
90871
59325
22685
23477
44705
58379
46933
35771
22247
23273
12349
80021
50515
21747
55095
2223
81791
91695
94237
86817
41185
86375
56401
80191
62927
66131
48507
83825
80753
2573
42519
67893
91187
6057
65139
36671
50317
76565
85331
78353
89837
21995
61695
11219
19627
15147
11735
1721
37739
5913
9377
14495
30939
45831
97949
81457
52737
9929
39585
25679
28469
51127
80921
96087
92555
60749
32743
36815
14397
82625
66417
84573
15001
42759
80603
92277
76541
26267
17193
23499
63949
24009
95599
16191
25047
90631
39851
10601
44811
55373
90659
32801
31719
9915
39427
82433
25511
88471
1579
3995
9531
34543
53423
36827
97435
72455
11871
14147
27027
50533
7705
53753
84935
7545
91075
96759
77769
35469
69639
61277
41361
33495
75799
5971
63071
38809
57903
78585
37661
86987
97347
29653
98191
94543
8193
95853
96563
82555
81897
26045
58323
62751
39929
10865
70227
89733
29913
33139
91243
75381
59051
72701
7011
63
59863
27341
82205
76651
5729
36371
54445
89491
77589
13819
84165
10085
43065
96037
70749
64295
98575
93721
6467
98999
339
40547
35067
2769
36651
23769
12257
88747
25461
87107
63337
41077
59945
21317
83003
14541
95093
90613
56209
76259
53331
74829
8787
59299
81569
71555
78245
68497
29295
89797
69917
24193
12719
95971
60977
37057
22909
20837
57225
92869
47155
44277
22515
83339
71861
18551
63541
19545
75857
50983
5817
17685
37331
17223
72963
39137
49419
17055
42835
16619
21041
57623
8949
94165
95303
12109
26979
74537
44865
49001
83671
61841
30023
30157
5343
22989
40469
19043
59493
31809
68637
13461
50729
10651
78601
38045
26595
1045
93843
48859
83075
38559
97231
15479
53951
84495
80473
65643
11559
4115
56639
86071
65349
51347
68647
585
35013
38425
849
41121
29929
66701
86687
39299
4815
90225
64409
693
33211
79353
17675
66451
90531
27781
38141
22075
91261
89209
98871
47373
79005
39255
82585
46067
66823
24711
30093
20461
98671
15935
847
4099
32145
83061
42765
43311
43321
53889
71903
60847
43095
62603
81063
85151
2227
23495
41485
98741
31331
81775
98261
45861
29403
67185
4531
13167
92497
80631
76199
28945
98745
21253
81927
43737
12515
38021
43619
38321
47975
44825
9901
10395
51615
76579
67903
34015
29237
25263
72305
21837
54547
28931
92807
52573
18833
73107
68661
62443
59261
28021
59727
78419
47359
90775
49733
90221
63417
40481
49783
54643
67129
36483
71589
37445
1461
10751
9309
84695
95385
96755
95677
17469
42577
1465
14083
89023
79603
65781
34653
93145
29771
50111
89507
72265
8835
64455
53075
5503
84857
19621
82627
29119
39197
22417
93809
14169
94663
50299
48861
69051
17993
52055
97711
52893
10197
53849
21151
83877
67617
98665
99817
34527
74065
90649
75229
24995
64397
93163
72475
36839
86833
84183
74903
92513
46549
10485
20915
8253
22561
39897
59695
96079
30083
61741
99155
85303
5863
95745
87497
52033
69267
57487
98205
42829
27069
88631
59237
96667
51659
26797
39573
84601
67049
33097
8807
47863
98007
57857
8201
55271
30301
44899
46621
36317
36085
79807
57261
66169
64607
81687
5523
1637
88091
2479
29727
2557
71481
47947
11173
31105
84131
79517
70501
24587
25585
3369
93983
96927
63969
71729
4785
4145
50695
75887
62729
74681
21677
1413
66049
54561
39865
45457
51565
75919
72801
13873
69013
77559
3047
64089
39183
55209
31539
34391
86179
52537
40127
7283
69039
90095
26403
45177
37351
17103
66563
49247
39495
88945
18863
97223
39199
65909
56933
87329
6543
74807
35211
63391
61391
48107
33011
3671
5989
21721
44219
19145
79355
12027
96183
58271
50889
94827
43227
89277
96099
80441
16095
87767
77599
25907
93097
31497
31355
12923
2229
26183
5133
67
57681
24145
23739
21283
57159
80523
31847
99383
28291
98257
51845
43241
17259
33323
60787
10095
8969
70847
83811
7275
52139
71605
68549
95637
24899
8503
56493
65135
85737
99083
22253
35311
13749
28781
69311
25813
21801
94913
89419
1111
28067
59549
20701
75275
11879
40179
53535
27631
52689
88227
81939
82025
47579
50109
97907
69609
17463
23061
20159
76573
91105
2763
11163
39909
43861
58861
89841
47825
80305
24213
58263
70965
25805
9395
69485
37071
82359
34425
63127
10231
95993
16659
96463
4201
39149
67535
61185
41195
4605
37043
62989
31903
66291
25457
84125
62773
14023
21347
97557
21657
63733
54711
10969
98563
48619
10739
33941
70869
93975
57413
12227
86137
16555
34345
97551
903
36257
27199
37
33109
17369
82669
21357
55963
35089
43771
28011
40491
43779
69883
57417
1169
57517
2983
73873
13973
52989
10223
60807
27905
1913
9595
67627
13099
56759
75913
47543
35101
53689
9537
92789
6315
74619
75389
78733
52019
11865
89705
62045
81221
80765
49205
78155
80771
93405
23593
77489
19897
91073
19641
7319
59401
82245
39377
67677
87185
97655
56373
36067
40231
20271
47633
68769
16995
91863
6389
1739
75777
91749
88551
59425
93993
98101
73773
53189
29285
89839
68481
26807
91175
32673
43535
69569
84467
80117
39545
27251
62627
67679
38205
62711
82047
99899
55935
36403
48853
49605
5765
99381
78977
85383
87181
23803
21273
61955
65237
53177
32337
70045
92689
11447
96425
65541
64299
9739
83619
91689
17891
75697
24683
38547
36033
5527
10537
98771
28901
82611
74299
68177
86953
74029
66469
81547
92737
31671
90895
80047
14917
76343
80025
5653
47549
78373
78213
66121
33431
83941
51147
99707
77553
64245
63715
49225
63709
78455
35621
71031
73291
61805
80379
82789
8921
77273
67979
21259
41993
76389
86003
9359
61113
77625
32501
12561
45655
54317
10915
3017
84307
34303
30437
16665
98823
60727
39559
36579
5269
84951
58729
36703
3611
19271
26793
70727
37177
85427
47697
14729
69665
38913
14251
67093
95763
21325
56467
64205
54347
91967
62911
68039
41557
74725
59183
76653
80137
6169
97923
95341
47141
86457
81987
33553
96229
75445
12211
63747
32533
40999
44011
73763
7273
48469
40223
36465
12925
85401
72725
3973
3851
63155
33309
42809
96361
14687
8101
3459
92463
46719
14603
13303
63627
85869
65801
37563
39211
29279
48443
10239
88259
10159
25037
12779
38797
41383
61353
27779
14645
82059
8321
60237
63609
86413
38081
5721
13605
33051
7701
70691
92615
82539
45681
50077
20959
58387
56485
4139
41397
65445
45875
4753
64631
43733
1761
61429
11205
23461
27579
70987
27275
1773
9127
77301
15045
99493
25499
66327
22661
5375
8399
9713
72853
34841
25223
33105
55939
6373
58561
5993
65475
25383
16081
27607
35967
34659
28303
69583
11485
93617
8121
54221
71237
63423
2007
521
42803
78757
33669
63689
73691
28737
7813
20035
66879
37737
79011
42169
14257
78775
32497
94189
85563
28985
21727
13077
82269
96549
66759
54825
11795
72519
25467
54363
81731
22005
34545
58785
20223
75015
14609
57133
12591
53255
71433
28491
70203
11513
36581
77147
91983
91041
67007
14453
86445
12441
11803
26803
37841
1519
95447
8469
56449
71527
29683
79889
33093
14123
53655
51401
95437
24039
70169
78657
16577
37161
64907
87093
60703
565
63375
95747
90723
1245
65405
10887
3451
86821
21845
68851
51637
18353
82803
50639
70515
16907
78171
17565
58243
79847
81787
25101
26257
18575
20179
80409
86249
95965
94885
22459
75627
1967
86427
65229
36091
50009
84461
88323
25317
26551
43741
23661
10363
63647
81553
71997
1927
57141
5853
77575
33149
75685
41427
43437
44639
17431
21637
62953
91895
76425
78633
17741
27603
75441
80925
88869
36159
63227
51763
92753
71139
14165
13005
25711
62937
11843
19999
80103
60701
97761
74109
20037
7903
84333
91825
45733
98593
79059
27117
33001
22007
23895
17701
77385
72743
93827
81047
29915
64621
18739
67081
66497
99139
58533
29725
65351
29291
24921
15329
84999
62445
7205
81083
70613
6343
67189
37197
18709
55773
85261
57777
69331
59109
88475
51631
39465
62847
4715
82893
34337
75617
75137
29337
21771
72327
12725
97141
37341
26339
89493
54583
20833
6227
18603
61819
24187
75733
74645
12835
52907
6927
6369
41067
11873
64701
59869
55387
53151
23155
20395
27337
93397
53289
49661
97367
95823
5435
34163
75885
81709
13971
20297
89971
84393
98111
45075
91667
68679
3259
27745
34323
85917
84303
56999
76975
59407
92821
34937
89589
62107
62379
61095
14247
30567
19285
11359
89215
90249
13105
1971
61551
27339
95659
18547
58207
59651
28989
48213
41727
16631
24345
72369
27211
9411
72093
4749
78271
66333
17125
36283
58667
42601
5611
8423
57831
77859
56785
72707
85263
29967
17863
35823
45019
37921
77659
18653
45695
93173
10483
9945
14989
95039
30269
42085
27821
45871
76237
35397
23735
56351
85093
66807
11383
43553
23343
55355
20125
6295
6815
68377
99683
4797
21165
71797
30803
71293
56543
28059
5113
97369
24973
65879
75505
34037
9643
95365
90831
42831
4229
13283
52647
92665
99567
47779
46775
87267
72521
33595
40671
86335
99649
26259
33681
5795
34835
30599
44575
58753
63323
58885
99701
76071
16073
66571
54013
4433
71643
73383
23263
36833
40709
60297
61597
30895
37515
84337
39045
34471
53879
2503
46447
82511
21491
51467
65561
66459
56189
3261
7289
95471
50259
27363
8593
83719
42125
40355
95223
46295
51159
20779
55353
89737
17733
34759
39931
41055
97329
88447
4335
61057
94465
1467
8669
73933
83857
7313
57819
46721
57429
29663
92447
4237
9249
74669
63537
31457
95117
79555
4549
79529
10307
65757
11245
86201
90713
80403
98955
84029
67521
35813
51317
52823
17831
44577
57987
85517
83835
80555
56159
5669
2879
73613
29763
84267
45017
85697
92227
80423
62891
44629
24667
83515
26997
42797
12271
51811
63141
81559
94477
6207
7255
78661
75475
49817
7547
76053
94179
62831
65253
92697
45347
2405
52045
72693
30175
64647
4121
21301
29965
73803
47831
77591
49601
39803
98451
52495
39835
16681
39365
19039
75961
15497
30601
57005
36655
91333
61629
20383
82557
14115
60111
38581
29355
56901
80841
88081
24601
47955
78013
48229
96731
54179
68965
47865
84259
71199
65535
14653
7757
50601
78999
30101
60101
78697
25545
24141
29691
73519
5181
83001
7251
91053
96179
78811
41705
23629
60481
11291
73847
24341
27195
39513
90103
21643
77501
79071
9343
4081
90459
85963
60851
17641
97827
81641
85975
34173
95987
52585
94211
82617
7711
12543
96111
39789
35909
30443
51643
84605
53321
8367
11547
53861
85811
43403
96525
59675
15301
23389
95213
40935
12701
93341
35075
64775
82209
37235
97295
89871
87309
35275
36899
44361
23055
57939
32551
5399
15635
9571
50981
77391
78027
93347
42553
61417
13933
50759
53513
10253
55023
77675
22949
25399
13989
66377
44743
54315
12637
5001
49439
40987
26015
68315
82873
53241
23253
77137
26815
50049
41875
46015
11299
35003
83201
42825
2365
54727
62169
16019
80855
93437
99521
8535
58747
4781
36605
71683
44241
1053
26737
18365
21973
69469
19297
33997
64969
28697
52071
53415
25273
49853
375
69941
2197
12955
95469
56929
95553
52227
90287
14683
94941
36381
42051
4191
12525
42771
26053
91587
15499
62827
54123
42049
19721
40983
17533
70815
8775
53725
81673
35519
30417
49297
43515
98615
29351
46543
59665
93529
32759
43563
89463
62667
62905
2581
89683
21735
5073
82621
38527
65769
32555
43039
62323
64309
20075
66859
2803
65679
63515
49365
21999
87311
82689
84971
60961
14553
16915
23161
13257
38679
76223
72489
45051
19057
98133
22593
20225
60147
43247
66587
78089
74155
68717
341
10441
70385
50999
5127
8475
64011
27829
96793
2925
96017
62975
28775
20519
5245
11781
90453
36203
30215
98249
12581
76335
83165
11617
72143
26269
14373
63713
23243
73139
4629
43825
63765
59447
77971
62601
26871
42547
11091
38701
22833
33721
79371
4153
9869
93441
67567
50941
6033
75115
54669
83559
70151
26463
78127
41391
13251
41499
489
68623
31519
13285
42757
8731
82053
65147
87683
2723
82937
54303
64679
2399
89977
30931
72181
87991
48009
60743
42497
86169
47805
49987
84475
56993
53399
88261
30593
75283
34407
75781
63063
14111
5911
54443
31803
64529
59331
98047
1141
19877
68971
26077
31789
68669
91601
89499
70547
65899
83615
27335
21879
92099
78963
67017
39207
74087
68145
63653
60601
29669
95753
14105
74849
99797
96041
23863
19229
1973
56191
83417
79317
45769
33129
15505
56443
17023
97151
48351
23259
28657
40465
13053
44607
78979
91801
35973
29535
85169
15331
70269
41555
67499
40551
50653
95813
45387
57537
24071
47393
22037
49467
45981
43255
95029
47527
20997
71131
70629
38137
90765
43889
28919
62583
80401
38095
46337
44733
6187
28149
42863
16753
51799
94839
88743
71227
33853
57465
72825
58005
89223
85103
92419
74797
36035
19589
97365
79759
58975
9907
31825
12959
343
75111
29099
367
30447
47719
11993
92781
71137
277
8951
69831
23231
97561
46417
91549
18411
26371
39949
79959
28249
28633
94695
25987
25061
70633
49307
66925
11191
29149
96355
33645
55855
18711
31665
9363
49957
93805
15445
87875
15211
75013
13691
56307
18735
77393
3495
58609
27645
17075
24829
77895
69687
13279
44467
4487
84653
92237
29963
45245
83099
23221
619
8129
48729
97583
82823
75127
59687
92271
65105
73431
30591
5837
90077
42135
44857
13115
55297
39651
39745
14229
43827
27323
88717
30687
40381
95825
97729
75481
35613
45739
15511
42443
59021
3171
803
26043
35217
36975
40635
90479
2941
83385
36765
27405
75073
65719
14945
88099
57481
92715
37439
37569
2743
54181
73161
94585
74463
81755
19867
91831
49291
16661
52795
61617
39549
62483
7767
47625
87285
12261
93707
59627
98241
1859
77823
25741
3919
65331
33517
9845
56997
13719
74581
25929
91923
77491
48077
28619
27037
53099
15759
24317
33823
71071
62069
98453
34735
18733
36117
61855
69237
78769
37887
95139
24877
83089
34495
92187
59009
40201
6997
40753
92627
39737
59035
39435
78523
23569
91665
69953
82381
18325
4307
51699
93557
42563
33503
64617
83293
84563
44929
50183
36557
38219
23751
17127
40131
28553
22357
15125
6313
36153
17969
35091
84123
7295
84015
19243
91805
8825
43325
81975
55937
51729
6209
59397
63109
34443
69793
87003
33837
48429
12625
1917
71013
69371
51089
14889
37893
74025
22877
11433
11861
51889
2403
19925
94607
37045
58757
82083
73075
72673
31467
93987
92255
93381
10791
46217
30401
34813
67393
5605
3529
61449
62863
3567
52731
99507
98655
84489
72565
34573
96849
65533
10171
61397
8627
34429
2247
47641
69667
93639
22281
95843
96659
13531
40027
93423
64465
54911
6225
41217
36871
30817
9879
51919
46113
97005
52815
69035
60031
65367
47001
77747
38597
23217
66017
73363
79599
90395
13985
57961
10677
93551
14591
27181
3643
57823
63341
13443
66187
23377
21961
5923
53695
41261
58759
58499
97589
64593
58909
89649
12453
99913
69795
57769
88785
7725
88633
53967
26985
96267
38191
46379
5279
24911
23423
7983
38705
38417
69967
83517
14321
42501
97803
7655
96781
14179
1633
25857
39241
62019
21235
1589
56709
73913
47533
88499
89745
22481
58463
17215
54371
70441
44927
87935
4165
48453
4863
3025
55291
87763
84791
28143
50203
96461
20235
81627
81501
82723
47965
55197
80381
83063
52461
80577
81413
31273
89673
54779
45129
40217
29591
99057
75203
56675
38403
14547
32007
21247
39763
66801
67257
87225
79823
99631
2089
26847
99253
29159
41671
17241
2395
62281
1983
84849
16011
31181
16355
62401
82701
27331
5297
91709
7513
58721
18897
57235
27581
84805
49115
34649
16155
53323
35639
73539
56253
78645
72921
26825
88185
60081
53181
63831
18841
17943
46929
67079
26537
92683
72943
59507
67755
22499
50591
30777
33679
53299
3435
12075
23295
69875
24617
97787
37833
32077
17753
91877
75177
97651
99129
4877
72067
67603
25137
5899
82061
52707
47269
13221
31799
46187
56091
52083
71133
5709
66765
21433
38763
6745
62249
1197
65071
90935
57479
74081
40113
42147
87395
82217
16655
65281
69381
18737
26221
67497
50805
749
21527
67693
3113
92379
53661
41493
93971
64709
94953
26821
23589
78847
52593
77539
25397
63023
87023
64177
91993
88749
5185
19165
36437
12917
811
84803
57791
21803
40455
51107
6119
73859
92763
14385
62925
65701
6975
74989
86539
79553
38173
62587
68997
77181
50973
37775
88255
28083
25951
41275
11259
65777
7125
96073
86627
31563
56869
92519
66433
98669
2715
89013
64817
46009
91917
93281
82335
56399
66013
69009
369
2805
14955
42959
11435
52339
24869
8031
87359
16409
37049
67531
60253
73193
25079
55985
67375
31251
97691
24579
78077
41373
32581
64511
46521
5909
17495
32763
80115
69555
31791
38117
59071
58865
27529
53875
16241
27929
31203
12509
17379
34675
70709
70865
13341
49063
32981
96449
61953
15911
90827
95731
65691
63983
43495
98591
25949
33087
87541
84217
24959
36721
695
75745
5703
10421
92451
35963
38225
72517
70287
26623
46533
25691
16055
79747
10811
75741
29677
39965
96307
85935
73927
27093
60269
82479
8899
25111
63303
29281
91167
86305
15245
58435
31601
79541
90093
35231
85555
64357
62399
30731
38365
80549
26699
85709
92117
54209
84301
14941
98567
64579
37805
33213
9221
79593
55521
35765
9591
49453
13209
58877
45183
23187
58575
29071
71611
60529
23305
78341
83055
25515
35223
915
40307
979
56761
58849
20811
35611
24835
52555
76929
81017
40583
1639
13601
52315
41923
83925
66819
44627
94289
45351
48823
78567
56687
20563
51765
35643
31025
48675
11565
9413
41725
12127
42167
52447
8693
83629
28009
81273
22315
37855
88827
93269
70563
33433
95391
43981
6977
60903
37215
15805
97973
29567
9307
49619
31573
73321
24875
95841
94825
27159
31465
29477
75877
7771
85945
54247
35803
80575
55183
19189
57401
6111
18463
67935
51737
23773
96455
77249
5091
99297
93981
65913
49071
13269
25277
18303
47671
75351
33055
36291
70015
83767
74249
26721
52549
75235
94511
87563
50485
18619
68345
57305
71569
51785
93803
57329
44823
79637
47367
27051
25867
35113
92429
58209
59387
73465
84511
93645
15325
41729
81739
76327
35873
62517
66429
77355
28921
5423
237
3853
40213
35471
62261
15593
50559
12329
76491
56721
78983
48483
79141
3199
97875
99977
93287
5501
19097
33205
31895
95489
18311
84921
361
8057
44423
77629
63281
86101
20535
79241
67251
74143
87529
31057
7215
4509
9075
76367
14811
21941
8465
26407
52511
74701
83751
46069
52237
71895
59749
26321
58633
85937
90065
64297
15485
26173
73315
48525
80185
56935
8335
51619
33017
46029
97529
14129
33593
45463
69201
5093
73091
48959
459
73231
83951
89333
28361
88377
15643
96473
7229
44551
8649
75383
82769
57701
41655
40235
20389
52325
88131
73345
39883
75843
96617
6639
64897
57853
73199
63965
18573
37299
14231
60681
611
65985
6253
5285
23077
53133
95405
65059
22537
65299
10411
26913
75163
49197
90175
80163
71745
10957
29783
54091
31233
89549
86381
35449
9873
50143
64161
45787
94393
31371
49911
23401
64711
67687
21385
98603
79017
26769
57793
33033
54001
70375
843
58099
20483
90297
93575
87741
70131
23041
70999
91061
34995
58997
64761
7421
60933
36625
29213
64475
30513
7991
17325
96403
87569
55413
43817
69995
11459
4297
32975
30005
39191
53417
35383
73755
95193
23923
22687
90039
49145
69367
76613
18673
68569
69153
51227
37627
28253
87823
9545
31113
52317
13715
28463
38289
97945
40015
28207
67911
81977
19703
36533
51123
85969
32565
28607
34647
77665
24249
99041
96809
78365
89643
78065
48785
79469
6359
5617
47263
25489
65441
20127
96969
73201
37095
7717
77423
1003
12403
62677
32333
87755
36157
56835
43591
5307
10153
90037
25755
99299
73169
20017
61989
13389
64663
37979
35599
78425
13195
25873
48653
47191
9071
91489
67501
99849
209
41321
98295
92167
17289
61515
32997
5421
21485
82043
16261
52457
30707
37685
5463
81689
17027
29183
1227
18759
81741
24191
72157
55013
10557
84119
99439
62501
58277
93079
90341
12869
20683
56981
30527
22603
39517
33783
34861
30373
46823
8345
61737
67287
51195
91711
44105
75075
36103
83041
74571
255
72975
63231
93393
25591
79705
63105
68545
87161
14659
24581
56537
12633
83621
74705
92625
69773
73399
89781
93913
90025
49947
63161
84443
30251
69829
36979
39263
76461
36695
96543
9173
71165
36007
78649
12751
81147
71755
27301
27711
35305
6813
41413
31315
65359
88191
91149
54595
52981
56163
67797
85599
55683
96397
79817
69085
48219
47601
90857
88917
25285
50931
27393
82103
55901
10829
11755
84355
84663
32301
55573
26615
11907
47979
63279
77687
75695
4065
39589
50127
76965
73449
55433
10703
55313
22825
15399
34899
42511
86597
1131
96539
68959
97801
22383
8677
1887
10905
52323
15843
96721
4505
55307
90467
28557
42439
7975
62161
18385
13267
58787
79307
37519
28439
97405
51153
18369
43163
45243
20143
2313
88853
47803
77481
48929
4391
24631
59269
86941
92533
56793
62985
78735
50773
59835
79367
40073
95497
66787
73597
13353
29971
43151
60563
97411
105
48617
44405
45439
24261
92671
11609
56573
89575
71713
40809
26905
36709
35569
52991
29857
65029
62219
61499
11031
42035
83623
69919
50065
48397
82079
39637
34213
91099
5981
50977
27777
92657
70321
78467
60773
27115
519
93435
54539
47293
85807
14433
37097
45119
2907
6469
20667
97211
70761
66485
76115
68773
1807
44047
56855
39445
63929
74253
84677
69777
32751
16377
65439
9209
64645
89631
59293
87625
41113
43343
58035
30009
62791
69473
46439
34577
3399
56707
1599
68551
10897
71183
28625
26525
85617
20971
49143
32199
62407
25657
9623
56121
71407
84991
40863
92985
45721
41323
69007
56629
79689
52253
23413
56057
31261
91973
88597
78723
38469
1313
29319
82259
75031
88459
70405
48965
8515
56503
90279
16703
99031
65429
32409
8717
55679
10447
13673
59737
37463
26273
26125
10333
6993
92289
19377
90685
72539
78969
37981
17953
61753
36131
18417
49821
25275
403
55869
7995
76271
51373
56809
84203
49319
46913
94529
80197
52515
71405
50847
11637
81961
37497
7109
97935
44411
89063
80877
2575
20381
53587
41801
58181
50463
27657
91319
40995
42843
42305
1187
52099
69445
2789
66479
64097
20651
20689
27801
84261
34321
20473
24971
62103
52061
65057
86683
34247
29161
48659
7777
33629
35779
99001
32605
86131
87229
3585
96899
6149
19515
25505
61561
76063
38127
70389
28119
75815
97393
82289
62385
8783
7985
69745
97571
25571
10469
67857
45103
75743
72261
89607
52785
88293
72165
19485
46871
26635
37485
1321
77313
13403
94523
37201
52393
80955
61453
87025
86257
61931
70003
94039
70787
66179
21939
76719
41399
7503
21395
22583
17017
17159
99351
44685
38193
25909
52305
92641
67971
99971
86331
11489
96033
15591
70247
97823
88849
44197
33361
76893
79381
11831
235
81395
79057
86553
78531
52165
56043
67149
98105
35205
88019
39051
6417
55225
46585
46351
63987
9365
32111
30003
5665
18263
89639
61845
17473
90887
5707
7067
53917
95711
23087
62561
32697
657
77851
22273
93165
98573
99121
60261
91245
93727
59655
427
75499
78575
89407
58381
28501
47467
25639
87467
2147
78219
86121
77511
69797
12293
88203
79865
50599
18449
92091
82601
80793
41567
56219
41191
44647
13569
79709
28679
44957
54797
40883
11113
10377
63645
89719
96499
33209
75667
32531
24513
77941
49141
58891
65707
48295
32595
65759
46031
32405
18355
56039
75671
33151
47177
48595
78941
90379
60333
203
31509
15999
49025
16083
67355
80781
42531
69637
20009
7765
50021
15223
69259
36139
86231
68395
76697
49701
87515
30605
11119
74027
61723
57461
52979
3619
49833
23645
74769
39619
20339
16047
61229
43025
29523
40389
19975
21951
88679
35931
97317
643
74165
51157
55019
4089
90911
70143
61215
68081
9493
37959
82267
66971
50403
86967
48265
98247
67109
98727
72551
807
91
49331
16483
25613
94047
31223
42881
38039
99955
44239
95923
86039
71973
4289
59105
66943
5197
55007
95281
69757
57599
283
45249
85689
31327
25077
84733
30001
68579
9145
37337
37079
64489
4967
96451
38383
93377
80119
23755
49149
11355
25649
94287
22345
52467
87241
40555
32125
69755
59497
82457
90091
48205
50539
53265
67171
70541
19223
46515
9993
8643
77943
80487
70651
97113
38983
39507
5789
7355
8937
8711
65749
6415
26199
7385
84801
61779
33623
75005
35317
4833
49287
10113
67077
29705
79233
73717
1151
45355
47471
9807
31521
55173
14731
66329
68859
58297
73347
37555
81971
60811
65265
69295
5699
40625
65915
87945
67983
67387
87799
1055
38967
33537
12481
10807
24065
28677
3981
11413
87649
7715
46941
36609
64857
63781
69525
9403
7537
1577
45399
30099
29257
28181
62915
76905
57659
41597
52525
55857
61373
35551
11573
92293
14493
5809
93275
29031
92483
6553
92135
3293
48269
85779
46151
96827
98785
57185
65599
19047
83247
28209
80179
43427
57177
2153
81475
39271
47325
66861
55009
4763
86195
61195
64551
22887
26837
33707
78359
73861
27289
41489
48917
70915
17713
99137
44749
59865
63167
47571
5897
67509
12767
85275
2495
69481
84729
84897
59933
28893
59979
44419
13275
35899
62761
62683
72399
13137
13199
39431
35477
30381
43567
23627
42157
6655
46469
58319
49757
40965
98875
74599
86261
45923
15049
49795
38831
47599
94125
83037
54225
35219
4221
49241
75213
64905
91655
70587
64841
55513
5159
70963
7441
37307
93747
80291
36509
23523
83775
31383
60411
89799
92023
55533
21057
91293
16379
58779
78597
75761
21061
7241
59207
19653
89425
11661
82339
74871
33089
12419
61455
38465
85519
68681
38999
91511
3545
30425
51453
30643
54069
79115
90525
74015
67775
53591
59875
44933
80779
36677
81729
17297
73987
3929
63799
73079
53345
32525
62525
64251
4633
87159
98737
19679
36141
55101
7387
15155
82805
67653
26471
77473
88965
98551
24567
90451
46253
2009
21659
52079
48759
28485
88047
41871
78217
80859
58685
86177
54061
90751
31745
4461
18855
76547
2663
11497
10199
21647
84453
49421
28319
7781
76321
8887
42065
52173
39875
39001
57529
51309
74901
23251
33049
74839
86741
78555
55079
22185
53183
68709
99813
34285
45489
85793
56681
60711
90897
66637
21269
66463
70677
97341
55689
81257
8749
51723
72827
28869
56017
49351
95623
66205
77531
66707
33029
74717
33229
71727
50543
7059
66717
8159
9097
9577
61467
90207
4147
99093
38317
31071
8221
55983
94869
17281
58301
85215
2237
94747
63797
52967
88467
30055
28629
41039
24787
74991
66203
31177
93641
9963
32325
51583
86663
85873
52879
57733
48305
98095
28993
46705
41369
8739
8971
6001
22565
32719
61923
72419
16637
11231
43117
8875
10111
25825
76365
32243
39237
30387
531
97287
83785
96655
60099
26511
53149
42067
24351
2099
52271
3687
42149
83683
68111
53101
70325
64193
55661
41227
93493
17639
84985
77525
92173
73337
77231
59591
63049
51273
24955
94297
69989
96325
18001
59421
69453
47399
29647
16293
96547
19987
71521
52195
58923
69641
40185
75067
53013
97799
33735
27333
34855
64133
7025
64361
10167
12757
21291
33563
89613
10939
70163
23669
8991
21985
37585
23385
75925
50225
33747
28421
39543
34591
39601
66105
12851
66163
62919
82695
51759
62181
56475
221
96935
82687
23049
72631
21783
54707
94527
79965
74543
72589
55425
50283
15013
7763
59081
27357
39375
16527
43219
18165
32131
60221
64061
47541
22241
355
53677
37701
95147
62049
57843
63347
64917
9113
7207
19259
11945
90883
66371
11815
41173
94603
49399
18327
86051
4125
26939
14691
69643
85377
19185
43483
54781
63185
76079
79031
43993
11081
19815
94901
41367
58961
86599
77717
79809
84831
89879
15377
46263
29755
80521
81077
50939
8975
89723
35763
3637
36047
89327
2523
62423
84903
89525
81577
21805
71743
77409
62783
19131
36923
25459
68003
78035
99757
84819
97523
30859
49635
14477
1213
91201
49949
84761
56591
94909
36451
7707
15269
18259
18685
79525
70091
917
78049
87217
28797
36891
60095
29395
21575
77697
42719
55185
32687
25689
27899
51853
92833
72255
19431
63897
88257
8119
24451
30993
77837
71005
16893
60751
97559
52931
99905
27697
42639
21405
83311
63401
58175
21795
80673
11397
3879
17357
61603
24479
25063
73147
10769
29637
71213
42763
3915
91721
96979
36729
63961
44165
71791
70461
45257
65245
67145
70721
49117
10627
63823
99645
15587
84427
8871
48889
35783
93025
93877
77915
24107
68765
45891
44345
71113
85761
75237
56693
33435
11389
40561
48691
77299
61543
36299
82277
60625
63517
68641
61149
91055
22639
14853
27871
80773
41421
12361
1279
36489
54527
27895
40423
76941
45945
31589
73421
80453
31623
82753
97965
68725
25751
46535
85715
37949
88303
71519
38293
12523
56083
61783
64019
32475
99303
4999
34597
32567
33991
79655
26547
68745
44009
27637
36843
19947
11635
60833
88577
54185
82525
59583
29259
41407
21869
9199
62681
97081
25569
95739
74549
45943
90477
12663
11337
77743
94835
3189
41905
7825
20477
74251
56977
42479
5629
27367
879
62795
80097
47887
60689
61611
95403
37817
10257
27053
10795
99081
95217
12165
39385
66655
7979
52123
5823
88349
52533
85137
25921
78511
91567
12205
53873
47109
70439
17213
71627
47307
41047
82311
56233
61175
91397
54897
13445
78295
21839
94409
69971
14015
73445
16277
66539
68533
84859
96831
91227
97849
45691
36339
54333
32229
29217
49479
27063
60029
10527
86887
46397
37089
37931
81195
22725
82573
47503
90949
6013
30887
92611
8283
95625
96327
8361
4593
95169
79185
67275
12001
97049
52421
94129
73481
26829
87533
13773
83475
50391
85449
89851
1043
84035
44389
15553
46011
85583
94113
7129
80029
26901
3649
48441
25847
34741
46687
71541
87399
99465
82449
69283
72199
47763
12343
38241
49133
34595
70503
90611
93795
58471
46985
95611
5879
25423
23991
27293
34783
26285
67955
30123
52887
77569
28639
74325
72043
92471
20299
1375
2339
8781
18407
17607
75751
77405
8109
54449
24689
48947
87679
49647
87629
9521
14611
80111
35337
61893
59441
91791
52803
42343
43791
92319
5249
6999
83057
11621
6345
73561
47123
36097
33677
32177
14995
48535
40105
79301
7099
6821
143
92717
86087
34823
67031
54215
71229
92291
52645
89905
32603
64603
54943
28007
50883
88015
40263
2895
56237
64913
86371
94453
60335
39283
44913
49789
74827
91899
98161
1543
54903
7817
24441
90011
29129
17597
68601
93831
34393
51859
49127
99557
42521
34965
11969
17437
45431
76119
12537
42239
15405
21345
40365
57057
98933
60943
42907
38331
48937
1421
10207
72451
21217
41625
54549
21397
31407
86175
37109
52831
17869
9043
74995
21551
52405
85795
10215
49687
94645
94277
96177
12901
93967
98177
97637
1271
65027
74215
52355
65223
45667
86829
2613
49227
3437
69107
7429
16245
76581
49699
34031
33269
44191
96491
17461
30241
34933
20001
14697
87589
44253
66257
64217
34959
50251
73335
8667
46681
51201
48465
34811
6951
5683
14771
30389
13201
65
40507
24177
95811
60883
7017
99673
91935
23383
41271
4541
2611
44995
53801
45327
58897
63277
19013
93285
19741
31367
76837
87291
54909
65009
57409
58399
14817
11213
52781
87601
47049
86251
29051
64619
41107
28411
59873
74553
63759
22945
15945
1069
94099
76675
14377
76363
53369
14197
71977
86853
78185
30385
26989
12983
38693
83493
13795
72511
57981
3755
20027
86671
36191
179
41341
27957
16685
17579
19205
3901
18767
98379
89363
28079
68339
38689
82995
45609
113
90987
61143
90317
11249
19369
56021
67319
41139
48363
52491
10635
66619
95863
92357
5891
29223
10473
83413
80711
90275
95873
77339
33993
52053
36879
11887
23109
29125
70571
43269
43953
26841
28259
66025
9543
45833
70379
51475
46333
70221
55031
69691
57105
